white_sea={
	location=1652
	color={
		210 46 28 
	}
	outgoing={
		name="north_sea"
		path={
			1263 1264 1265 1929 1266 1975 
		}
		control={
			3290.000000 2220.000000 3083.000000 2294.000000 2850.000000 2253.000000 2675.000000 2069.000000 
		}
	}
	outgoing={
		name="novgorod"
		path={
			1955 4122 1755 4262 314 312 309 1961 310 
		}
		control={
			3246.000000 2155.000000 3301.000000 2078.000000 3231.000000 2037.000000 3171.000000 2017.000000 
		}
	}
	members={
		1652 315 1777 1963 2426 4151 1755 1955 4122 4256 4257 313 1776 1958 4258 314 4262 4263 4259 312 4261
	}
}
african_great_lakes={
	location=4064
	color={
		57 168 220 
	}
	inland=yes
	outgoing={
		name="zanzibar"
		path={
			1273 1202 
		}
		control={
			3153.000000 1017.000000 3180.000000 1012.000000 3217.000000 997.000000 3242.000000 1005.000000 3259.000000 995.000000 3268.000000 938.000000 
		}
	}
	outgoing={
		name="kongo"
		path={
			4063 4070 4099 
		}
		control={
			3098.000000 1000.000000 3092.000000 974.000000 3095.000000 915.000000 3076.000000 901.000000 
		}
	}
	members={
		1273 1649 1798 1799 1925 4053 4054 4055 4056 4057 4058 4059 4060 4061 4062 4063 4064 4065 4066 4067 4068 4069 4070 4071 4072 4073 4074 4075 4076 4077 
	}
}
kongo={
	location=4097
	color={
		171 148 148 
	}
	inland=yes
	outgoing={
		name="ivory_coast"
		path={
			1170 1464 
		}
		control={
			2973.000000 899.000000 2911.000000 939.000000 2867.000000 931.000000 2826.000000 914.000000 2765.000000 987.000000 2729.000000 1036.000000 2661.000000 1054.000000 
		}
	}
	outgoing={
		name="zambezi"
		path={
			4046 1191 1187 
		}
		control={
			3108.000000 896.000000 3170.000000 853.000000 3175.000000 819.000000 3187.000000 770.000000 3185.000000 748.000000 
		}
	}
	members={
		798 1169 1170 1901 2948 2949 4081 4082 4083 4084 4085 4086 4087 4088 4089 4090 4091 4092 4093 4094 4095 4096 4107 4098 4100 4101 4102 4103 4097 4099 4105 4109 
	}
}
zambezi={
	location=1191
	color={
		32 164 51 
	}
	inland=yes
	outgoing={
		name="zanzibar"
		path={
			1192 1195 1196 
		}
		control={
			3185.000000 748.000000 3187.000000 770.000000 3175.000000 806.000000 3182.000000 825.000000 3202.000000 848.000000 3218.000000 863.000000 3229.000000 883.000000 3254.000000 882.000000 
		}
	}
	members={
		1184 1185 1187 1188 1189 1190 1191 2950 2951 2952 4034 4035 4036 4037 4038 4039 4040 4041 4042 4043 4044 4045 4046 4047 4048 4050 4104 4106 4108 
	}
}
patagonia={
	location=2868
	outgoing={
		name="laplata"
		path={
			1537 1536 
		}
		control={
			1674.000000 313.000000 
		}
	}
	outgoing={
		name="lima"
		path={
			2868 2890 2871 785 2872 787 1542 1543 1544 1545 809 
		}
		control={
			1602.000000 368.000000 1573.680054 394.989990 1547.000000 405.000000 1539.000000 429.000000 1535.000000 464.000000 1511.000000 473.000000 1498.000000 594.000000 1442.000000 736.000000 
		}
	}
	members={
		2868 2876 2869 786 2873 2874 780 781 782 783 2870 2875 2863 784 787 2862 785 2867 2871 2872 
	}
}
amazonas_node={
	location=2935
	outgoing={
		name="brazil"
		path={
			1529 1530 1531 
		}
		control={
			1905.000000 1032.000000 2106.000000 919.000000 
		}
	}
	outgoing={
		name="carribean_trade"
		path={
			1529 1528 1576 1522 1520 1519 1517 1516 
		}
		control={
			1884.000000 1087.000000 1693.000000 1227.000000 1527.000000 1271.000000 
		}
	}
	members={
		1802 1803 2909 2910 2911 2929 2930 2931 2933 2934 2935 2889 2937 2938 2804 2811 742 744 2810 747 748 749 2890 2923 2924 2926 2927 2928 745 746 2936 834 502 743 2803 752 2886 2925 4617 
	}
}
california={
	location=1556
	outgoing={
		name="acapulco"
		path={
			1555 1554 1552 1551 
		}
		control={
			810.000000 1433.000000 917.000000 1324.000000 
		}
	}
	outgoing={
		name="mississippi_river"
		path={
			1557 872 873 2019 2020 2006 2008 903 902 900 895 2014 893 1507 
		}
		control={
			711.000000 1705.000000 714.000000 1751.000000 772.000000 1763.000000 783.000000 1775.000000 793.000000 1774.000000 798.000000 1776.000000 804.000000 1770.000000 807.000000 1763.000000 813.000000 1758.000000 804.000000 1739.000000 808.000000 1735.000000 808.000000 1725.000000 812.000000 1720.000000 822.330017 1712.459961 837.000000 1711.000000 843.000000 1707.000000 851.000000 1705.000000 861.000000 1708.000000 870.000000 1710.000000 881.000000 1719.000000 884.000000 1725.000000 896.000000 1721.000000 899.000000 1716.000000 909.000000 1714.000000 928.000000 1717.000000 941.000000 1712.000000 978.000000 1712.000000 1008.000000 1694.000000 1043.000000 1679.000000 1063.000000 1679.000000 1086.109985 1661.199951 1104.000000 1658.000000 1113.000000 1649.000000 1150.000000 1640.000000 1178.000000 1644.000000 1196.000000 1630.000000 1217.000000 1630.000000 1236.000000 1602.000000 1228.000000 1579.000000 1212.000000 1546.000000 1214.000000 1523.000000 1206.000000 1501.000000 1217.000000 1488.000000 1240.000000 1488.000000 
		}
	}
	outgoing={
		name="okhotsk"
		path={
			1557 1684 1686 1685 1683 1668 1441 1385 1383 1384 
		}
		control={
			665.000000 1675.000000 618.000000 1844.000000 309.000000 1970.000000 17.000000 1882.000000 5244.000000 1827.000000 5020.000000 1855.000000 
		}
	}
	outgoing={
		name="nippon"
		path={
			1687 1693 1699 1714 1670 1669 4224 1391 1390 1376 
		}
		control={
			541.000000 1663.000000 252.000000 1624.000000 5130.000000 1463.000000 4782.000000 1497.000000 4713.000000 1524.000000 4698.000000 1549.000000 4676.000000 1555.000000 
		}
	}
	outgoing={
		name="hangzhou"
		path={
			1687 1693 1699 1714 1672 1671 1439 1437 1392 1389 1373 
		}
		control={
			339.000000 1537.000000 5137.000000 1422.000000 4697.000000 1441.000000 4592.000000 1506.000000 
		}
	}
	outgoing={
		name="rio_grande"
		path={
			4637 870 2478 4635 867 876 877 4634 879 2492 881 863 864 4606 2667 2499 
		}
		control={
			748.000000 1607.000000 767.000000 1577.000000 823.000000 1562.000000 848.000000 1533.000000 877.000000 1544.000000 892.000000 1536.000000 910.000000 1538.000000 921.000000 1533.000000 931.000000 1539.000000 953.000000 1534.000000 970.000000 1513.000000 993.000000 1495.000000 1000.000000 1479.000000 1025.000000 1468.000000 1032.000000 1480.000000 1051.000000 1478.000000 1074.000000 1450.000000 
		}
	}
	members={
		855 859 862 877 2616 865 866 2620 868 871 869 2021 2476 867 876 879 2491 870 2477 2478 2479 2480 872 2481 2482 2483 873 2486 2487 2488 2019 2020 2489 2490 874 2484 2485 2003 2604 2605 2606 2607 972 973 974 2610 975 2022 2609 976 977 2613 978 979 2611 2612 1240 1997 1808 4648 4646 4650 4633 4577 4639 4635 4636 4637 4638 4634 4649 4578 4647 860 2492 1556 
	}
}
rio_grande={
	location=2499
	outgoing={
		name="mississippi_river"
		path={
			1508 1507 
		}
		control={
			1171.000000 1476.000000 1221.000000 1462.000000 
		}
	}
	outgoing={
		name="mexico"
		path={
			1509 
		}
		control={
			1136.000000 1407.000000 
		}
	}
	members={
		863 864 2498 2618 861 2614 2619 2666 2667 858 2499 2668 880 881 2495 875 878 2493 2494 882 885 2496 2497 883 886 2500 884 887 888 2665 2669 4606 4627 4629 4628 4644 4630 4631 4632 
	}
}
okhotsk={
	location=1384
	color={
		75 39 177 
	}
	outgoing={
		name="girin"
		path={
			1379 1386 4226 1378 2106 2108 730 
		}
		control={
			4860.000000 1931.000000 4835.000000 1766.000000 4741.000000 1684.000000 4701.000000 1713.000000 4664.000000 1721.000000 
		}
	}
	outgoing={
		name="mongolia"
		path={
			1047 1052 2446 1058 1057 4220 2116 
		}
		control={
			4680.000000 2017.000000 4536.000000 1953.000000 4410.000000 1849.000000 
		}
	}
	members={
		1031 1032 1033 1034 1035 1036 1037 1038 1039 1040 1041 1043 1044 1045 1046 1047 1051 1052 1054 1384 1847 1852 2435 2439 2440 4193 4658 3314 3315 3136 3146 3134
	}
}
girin={
	location=730
	color={
		41 82 45 
	}
	outgoing={
		name="beijing"
		path={
			2110 726 704 1816 
		}
		control={
			4563.000000 1697.000000 4547.000000 1670.000000 
		}
	}
	outgoing={
		name="nippon"
		path={
			732 1377 1376 
		}
		control={
			4629.000000 1706.000000 4597.000000 1680.000000 4607.000000 1650.000000 4608.000000 1641.000000 4623.000000 1637.000000 4621.000000 1630.000000 4625.000000 1624.000000 4619.000000 1619.000000 4622.000000 1616.000000 4628.000000 1616.000000 4635.000000 1606.000000 4634.000000 1595.000000 4642.000000 1592.000000 4645.000000 1585.000000 4645.000000 1578.000000 4653.000000 1576.000000 4653.000000 1570.000000 4663.000000 1569.000000 
		}
	}
	members={
		1850 1049 2107 2108 2111 2106 2186 2102 2104 1053 2103 1783 2742 2743 2744 730 2110 2188 4201 1048 1050 4214 4216 729 731 2105 4215 4217 722 2109 2187 4202 724 725 4218 727 728 2185 4200 4654 4655 4656 4657 4659 4660 4661 4662 4653 4663 4664 4665 4674 4675
		3124 3125 3126 3127 3128 4666
	}
}
mississippi_river={
	location=1507
	outgoing={
		name="carribean_trade"
		path={
			1506 1505 1525 1516 
		}
		control={
			1252.000000 1375.000000 1418.000000 1314.000000 
		}
	}
	outgoing={
		name="ohio"
		path={
			921 2528 939 
		}
		control={
			1258.000000 1491.000000 1260.540039 1507.859985 1257.000000 1521.000000 1260.000000 1533.000000 1252.000000 1550.000000 1260.000000 1566.000000 1256.000000 1574.000000 1260.000000 1578.000000 1261.000000 1590.000000 1261.000000 1606.000000 1254.000000 1610.000000 1259.000000 1614.000000 1263.000000 1620.000000 1274.000000 1619.000000 1278.000000 1621.000000 1283.000000 1620.000000 1287.000000 1623.000000 1291.000000 1621.000000 1304.000000 1632.000000 1312.000000 1618.000000 
		}
	}
	members={
		893 2014 2516 900 902 2513 2514 894 895 897 924 925 2531 2532 919 920 2528 2529 918 934 2527 899 2509 2515 889 890 2506 2507 2625 891 892 896 898 901 903 2508 2672 921 922 923 2530 2533 905 906 907 909 2007 1809 2008 2009 2504 2505 904 908 2512 1507 
	}
}
ohio={
	location=2526
	color={
		129 214 238 
	}
	inland=yes
	outgoing={
		name="chesapeake_bay"
		path={
			948 2011 
		}
		control={
			1358.000000 1627.000000 1375.000000 1625.000000 1392.000000 1636.000000 1415.000000 1654.000000 1424.000000 1645.000000 1430.000000 1641.000000 1427.000000 1629.000000 1432.000000 1629.000000 1433.000000 1627.000000 1446.000000 1620.000000 1445.000000 1608.000000 1451.000000 1604.000000 1460.000000 1589.000000 
		}
	}
	outgoing={
		name="st_lawrence"
		path={
			946 991 
		}
		control={
			1347.000000 1629.000000 1353.000000 1639.000000 1357.000000 1639.000000 1362.000000 1646.000000 1370.000000 1649.000000 1378.000000 1667.000000 1380.000000 1672.000000 1378.000000 1678.000000 1379.000000 1688.000000 1382.000000 1700.000000 1399.000000 1707.000000 1402.000000 1721.000000 1437.000000 1729.000000 1459.000000 1746.000000 1486.000000 1758.000000 1494.000000 1769.000000 1531.000000 1788.000000 1567.000000 1820.000000 1630.000000 1831.000000 
		}
	}
	members={
		987 989 2585 2670 988 2586 2587 2671 991 1001 1007 2015 910 911 2517 2518 912 913 914 915 916 917 2519 2520 944 945 2521 2522 942 943 2523 2524 946 947 948 2525 954 2555 2556 2557 969 2559 2563 951 2526 2551 939 940 941 958 959 960 961 964 
	}
}
australia={
	location=1411
	outgoing={
		name="the_moluccas"
		path={
			1411 1407 1410 1409 1401 1357 
		}
		control={
			4894.000000 841.000000 4731.000000 853.000000 4686.000000 918.000000 4595.000000 910.000000 
		}
	}
	members={
		1085 1086 1087 1088 1089 1090 1091 1092 1093 1106 1107 1108 1109 1236 1237 1242 1243 1246 1239 1238 1789 1790 1791 1094 1084 1412 1986 2719 2720 2721 2722 2726 2727 2728 2729 2730 2731 2732 2733 2734 2735 2736 2737 2738 2739 1244 1987 1988 1411
		3088 3089 3090 3091 3092
	}
}
acapulco={
	location=1551
	color={
		214 77 123 
	}
	outgoing={
		name="panama"
		path={
			1550 1549 1548 835 
		}
		control={
			1126.000000 1240.000000 1234.000000 1190.000000 1378.000000 1104.000000 
		}
	}
	outgoing={
		name="nippon"
		path={
			1552 1554 1694 1693 1692 1601 1670 1669 1440 1391 1390 1376 
		}
		control={
			683.000000 1358.000000 269.000000 1352.000000 72.000000 1410.000000 5323.000000 1405.000000 4745.000000 1457.000000 4669.000000 1491.000000 4635.000000 1525.000000 
		}
	}
	outgoing={
		name="hangzhou"
		path={
			1701 1707 1716 1715 1699 1697 1692 1672 1671 1439 1437 1392 1373 
		}
		control={
			669.000000 1143.000000 366.529999 1141.329956 15.000000 1273.000000 5240.000000 1275.000000 4740.000000 1342.000000 4588.000000 1446.000000 4592.000000 1506.000000 
		}
	}
	outgoing={
		name="mexico"
		path={
			849 4581 4571 852 853 2642 2641 1509 
		}
		control={
			1082.000000 1314.000000 1096.000000 1350.000000 1111.000000 1361.000000 
		}
	}
	members={
		839 841 844 847 849 851 854 1551 2617 2621 2622 2623 2624 2627 2629 2638 2643 2645 2646 2648 2649 2653 2657 4571 4572 4573 4574 4575 4576 4579 4580 4581 4584 4586 4587 4640 
	}
}
mexico={
	location=1509
	color={
		0 176 0 
	}
	outgoing={
		name="carribean_trade"
		path={
			1511 1512 1518 1516 1516 
		}
		control={
			1243.000000 1366.000000 1298.000000 1341.000000 1416.000000 1272.000000 
		}
	}
	members={
		842 843 845 846 848 850 852 853 856 857 2615 2626 2628 2630 2631 2632 2633 2634 2635 2636 2641 2642 2644 2647 2650 2651 2652 4570 4582 4583 4585 4588 4589 4590 4591 4594 4598 4641 4642 4643 4645 1509 
	}
}
nippon={
	location=1376
	outgoing={
		name="hangzhou"
		path={
			1389 1373 684 
		}
		control={
			4616.000000 1523.000000 4579.000000 1511.000000 
		}
	}
	members={
		1376 1012 1014 1017 1018 1019 1020 1021 1023 1024 1025 1026 1027 1028 1029 1030 1818 1819 1820 1825 1830 1832 1835 1837 1839 1843 4131 4180 4181 4182 4183 4184 4185 4186 4187 4188 4189 4190 4191 4192 1015 4359 4360 4651 1845 2744 4232 732 2742 2743 733 735 4230 4231 734 736 2694 2745 4227 737 1013 2741 4228 4229 3299 3298 3297 3322 3317 3313 3312 3311 3310 3320 3308 3321 3319 3318 3307 3306 3305 3309 3316 3304 3303 3325 3302 3301 3300 3326 3327 3328 3329 3330 3331 3332 3333 3334 3335 3392 3398
		3104 3105 3106 3107 3108 3109 3110 3111 3112 3113 3114 3115 3116 3117 3118 3119 3120 3121 3122 3123
	}
}
beijing={
	location=4233
	outgoing={
		name="xian"
		path={
			1816 1375 2138 691 2140 2137 692 1836 700 
		}
		control={
			4465.000000 1655.000000 4441.000000 1591.000000 4403.000000 1574.000000 
		}
	}
	outgoing={
		name="mongolia"
		path={
			695 696 697 701 709 707 
		}
		control={
			4490.000000 1662.000000 4442.000000 1666.000000 4386.000000 1662.000000 4297.000000 1769.000000 
		}
	}
	outgoing={
		name="hangzhou"
		path={
			1375 1374 1373 684 
		}
		control={
			4562.000000 1611.000000 4583.000000 1519.000000 
		}
	}
	members={
		690 691 2138 2139 2140 1816 4194 695 696 2137 4195 704 726 2112 2113 693 694 697 2177 2178 4233 4652 3253 3190 3191 3212 3213 3214 3196 3211 3197 3195 3194 3192 3282 3193 3283 3281 3215 3216 3217 3093
	}
}
mongolia={
	location=2116
	color={
		197 144 8 
	}
	inland=yes
	outgoing={
		name="siberia"
		path={
			1060 1062 2432 1064 
		}
		control={
			4191.000000 1849.000000 4076.000000 1878.000000 4062.000000 1940.000000 
		}
	}
	outgoing={
		name="xian"
		path={
			1060 1062 2432 1064 
		}
		control={
			4286.000000 1759.000000 4372.000000 1669.000000 4373.000000 1643.000000 4362.000000 1612.000000 4363.000000 1581.000000 4357.000000 1568.000000 
		}
	}
	members={
		719 2189 2190 717 721 2116 4219 4220 720 2193 4221 718 2117 4222 4673 4667 723 4669 4668 4681 4682 4678 4677 4680 1055 1056 1057 1058 2446 2191 709 4223 701 4676 4670 2747 2114 702 4671 4679 707
		2136 3129 4203 4672 2115 703
	}
}
xian={
	location=700
	inland=yes
	outgoing={
		name="hangzhou"
		path={
			2171 682 4197 1838 1821 2145 1822 1373 684 
		}
		control={
			4404.000000 1572.000000 4453.000000 1565.000000 4499.000000 1548.000000 4525.000000 1559.000000 4563.000000 1520.000000 4546.000000 1503.000000 
		}
	}
	outgoing={
		name="yarkand"
		path={
			4198 2180 699 2182 708 707 2123 711 710 
		}
		control={
			4131.000000 1660.000000 3973.000000 1609.000000 3880.000000 1600.000000 
		}
	}
	outgoing={
		name="chengdu"
		path={
			689 2169 679 
		}
		control={
			4335.000000 1557.000000 4315.000000 1557.000000 4296.000000 1536.000000 4293.000000 1519.000000 4300.000000 1502.000000 
		}
	}
	members={
		687 1836 2181 2180 698 699 688 692 2183 2175 2176 689 700 2179 4198 2182 2184 708 707
		3278 3228 3229 3236 3258 3226 3259 3225 3223 3222 3224 3221 3198 3523
	}
}
chengdu={
	location=679
	color={
		250 225 44 
	}
	inland=yes
	outgoing={
		name="lhasa"
		path={
			2170 2135 2133 705 4205 677 
		}
		control={
			4262.000000 1487.000000 4256.000000 1477.000000 4238.000000 1474.000000 4230.000000 1445.000000 4224.000000 1431.000000 4210.000000 1425.000000 4208.000000 1450.000000 4190.000000 1457.000000 4175.000000 1467.000000 4157.000000 1490.000000 4105.000000 1506.000000 
		}
	}
	outgoing={
		name="burma"
		path={
			675 2167 2166 583 2400 
		}
		control={
			4272.000000 1468.000000 4259.000000 1461.000000 4242.000000 1437.000000 4245.000000 1422.000000 4219.000000 1393.000000 4225.000000 1369.000000 4216.000000 1349.000000 4198.000000 1331.000000 4178.000000 1326.000000 4147.000000 1318.000000 
		}
	}
	outgoing={
		name="canton"
		path={
			680 681 2172 671 2174 2158 667 1371 
		}
		control={
			4300.000000 1481.000000 4314.000000 1480.000000 4325.000000 1485.000000 4339.000000 1500.000000 4372.000000 1499.000000 4380.000000 1491.000000 4392.000000 1488.000000 4399.000000 1465.000000 4403.000000 1445.000000 4397.000000 1423.000000 4411.000000 1399.000000 4403.000000 1374.000000 4413.000000 1369.000000 
		}
	}
	outgoing={
		name="hangzhou"
		path={
			680 681 2172 682 4197 686 1838 1821 2145 1822 684 
		}
		control={
			4301.000000 1483.000000 4320.000000 1488.000000 4336.000000 1505.000000 4374.000000 1504.000000 4398.000000 1493.000000 4430.000000 1500.000000 4445.000000 1486.000000 4459.000000 1491.000000 4470.000000 1501.000000 4481.000000 1509.000000 4492.000000 1519.000000 4507.000000 1524.000000 4546.000000 1503.000000 
		}
	}
	members={
		679 2132 2167 678 2135 2131 2133 660 661 2165 2166 680 679 680 4212 2169 2170 4211 675 2168 2748 4213 662 663 673 674 4199 671 672 2173 2174 681 2171 2172 682 4197
		3287 3286 3285 3284 3288 3289 3256 3257 3272 3273 3275 3274 3276 3277 3233 3234 3235 3232 3230 3220 3231 3260 3251 3252 3227 3397
	}
}
lhasa={
	location=677
	inland=yes
	outgoing={
		name="lahore"
		path={
			2129 2128 2074 508 
		}
		control={
			3964.000000 1475.000000 3878.000000 1512.000000 3839.000000 1508.000000 
		}
	}
	outgoing={
		name="ganges_delta"
		path={
			562 4479 
		}
		control={
			4042.000000 1456.000000 4041.000000 1416.000000 4041.000000 1390.000000 4029.000000 1375.000000 4024.000000 1359.000000 
		}
	}
	members={
		2129 2128 676 554 705 706 2134 4204 677 2130 4205 565 4481 4482 557 2070 2071 4483 4485 4514 4515 4516 4517 4518 4519 4520
		3290 3396 3524 3525 3521 554 4492 4491 4484 2069 511 3427 4493 509 3426
	}
}
burma={
	location=584
	color={
		35 229 76 
	}
	inland=yes
	outgoing={
		name="ganges_delta"
		path={
			4396 1815 
		}
		control={
			4145.000000 1281.000000 4145.100098 1236.569946 4107.000000 1240.000000 4088.000000 1277.000000 
		}
	}
	outgoing={
		name="gulf_of_siam"
		path={
			4395 585 590 589 602 601 2389 600 1365 
		}
		control={
			4153.000000 1279.000000 4189.000000 1269.000000 4205.000000 1215.000000 
		}
	}
	members={
		570 573 2041 584 2399 581 2398 580 4393 2397 566 571 2040 4440 4394 4396 585 4395 583 588 2400 4397 4406 587 2401 4398 582 2395 2396 4404 4405 567 2091 4473 3383 3380 3379 3381 3382
		3098
	}
}
yarkand={
	location=2124
	color={
		51 68 70 
	}
	inland=yes
	outgoing={
		name="samarkand"
		path={
			739 2127 458 1967 454 
		}
		control={
			3823.000000 1652.000000 
		}
	}
	outgoing={
		name="lahore"
		path={
			2074 508 4449 2075 507 
		}
		control={
			3841.000000 1578.000000 
		}
	}
	members={
		4206 2122 713 4207 715 4208 2192 2121 712 4209 739 4210 2124 710 2123 711 4683 4693 1786 1784
	}
}
siberia={
	location=1064
	inland=yes
	outgoing={
		name="kazan"
		path={
			1062 1064 480 479 472 475 1082 
		}
		control={
			3945.000000 1993.000000 3753.000000 2066.000000 3636.370117 1922.530029 3562.000000 1926.000000 3475.000000 1956.000000 
		}
	}
	outgoing={
		name="samarkand"
		path={
			480 478 477 1969 457 454 
		}
		control={
			3930.000000 1940.000000 3783.000000 1761.000000 3700.000000 1713.000000 3719.000000 1662.000000 
		}
	}
	members={
		1781 1071 1059 1061 1062 1063 1064 1067 1068 1070 1069 1073 1074 1080 1078 1075 1076 2427 2428 2429 2430 2431 2432 2433 2434 2436 2442 2443 2445 1072 1065 4688 4689 4690 1060 716 1066 2437 2438 1042 3154 3153 3152 3142 3148 3149 3147 3145 3186 3144 3143 3140 3141 3138 3135 3137
	}
}
hangzhou={
	location=684
	outgoing={
		name="canton"
		path={
			1824 1372 1371 
		}
		control={
			4575.000000 1496.000000 4489.000000 1373.000000 
		}
	}
	members={
		669 670 683 684 685 686 1821 1822 1824 1829 1833 1838 1897 2143 2144 2145 2146 2147 2148 2149 2150 2151 2152 2153 2141 2142 4196 2154 2155 738 3202 3204 3203 3201 3205 3206 3207 3208 3209 3210 3241 3242 3244 3245 3246 3199 3243 3200 3219 3218 3294 3295 3296 3323 3324 3366 3388
	}
}
the_moluccas={
	location=1357
	color={
		220 151 184 
	}
	outgoing={
		name="malacca"
		path={
			1358 1360 
		}
		control={
			4412.000000 906.000000 4340.000000 958.000000 4304.000000 1005.000000 
		}
	}
	outgoing={
		name="philippines"
		path={
			1399 1398 4357 1395 
		}
		control={
			4593.000000 948.000000 4598.000000 1007.000000 4606.000000 1074.000000 4530.000000 1111.000000 4517.000000 1175.000000 
		}
	}
	members={
		646 2687 2688 2689 2690 2718 2724 1357 1245 647 645 2717 648 649 650 2725 2696 2695 635 633 634 643 2713 2714 642 2715 641 2716 632 627 2691 631 2693 629 2692 628 626 625 630 624 644 2723
		3582 3583 3585 3584 3586 3588 3022 3589 3587 3023 3021 3024 3071 3072 3073 3074 3075 3076 3077 3078 3079 3080 3063 3064 3065 3066 3067 3068 3069 3070 3081 3082 3083 3084 3085 3086 3087
	}
	ai_will_propagate_through_trade=yes
}
canton={
	location=1371
	color={
		230 37 42 
	}
	outgoing={
		name="malacca"
		path={
			1394 1367 1362 1361 
		}
		control={
			4432.000000 1225.000000 4373.000000 1112.000000 4309.000000 1032.000000 
		}
	}
	outgoing={
		name="philippines"
		path={
			1394 1395 
		}
		control={
			4443.000000 1276.000000 
		}
	}
	outgoing={
		name="gulf_of_siam"
		path={
			1370 1369 1366 1364 1365 
		}
		control={
			4409.000000 1227.000000 4362.000000 1162.000000 4282.000000 1131.000000 
		}
	}
	members={
		2161 1371 610 613 616 664 665 666 667 668 1016 1840 2156 2157 2158 2159 2160 2162 2163 2164 2372 2373 1022 607 2374 606 2375 3280 3279 3270 3269 3268 3267 3263 3261 3262 3264 3265 3250 3254 3255 3291 3237 3238 3271 3239 3247 3248 3249 3292 3240 3293 3336 3340 3343 3341 3342 
	}
}
gulf_of_siam={
	location=1365
	color={
		84 152 93 
	}
	outgoing={
		name="malacca"
		path={
			1364 1362 1361 
		}
		control={
			4306.000000 1046.000000 
		}
	}
	members={
		592 600 601 602 603 604 605 609 608 611 612 614 615 1817 1823 1844 2376 2377 2378 2379 2380 2381 2382 2383 2384 2385 2386 2387 2388 2389 591 2404 2371 1365 589 3266 3345 3337 3338 3339 3346 3344 3355 3354 3347 3353 3356 3352 3350 3351 3349 3348 3357 3358 3378 3359 3361 3360 3362 3363 3364 3368 3372 3373 3371 3374 3375 3370 3365 3369 3367
		3094
	}
}
philippines={
	location=1395
	outgoing={
		name="panama"
		path={
			1403 1434 1676 1734 1735 1736 1740 1741 1711 1708 1702 1547 1548 835 
		}
		control={
			4533.000000 1328.000000 4809.000000 1302.000000 5320.000000 1233.000000 494.000000 1082.000000 1130.000000 1038.000000 1354.000000 1024.000000 
		}
	}
	outgoing={
		name="malacca"
		path={
			4357 1368 1363 1361 
		}
		control={
			4440.000000 1141.000000 4333.000000 1033.000000 4290.000000 1019.000000 
		}
	}
	members={
		2701 2702 4355 652 653 4354 654 2700 4351 4352 4353 651 655 4356 657 658 2698 4348 656 2697 2699 4349 4350 1235 1995 1996 1243 1989 1990 1992 1241 1991 1993 1994 2703 637 636 2704 2705 1395
		3059 3058 3060
	}
	ai_will_propagate_through_trade=yes
}
malacca={
	location=1361
	color={
		250 112 15 
	}
	outgoing={
		name="ganges_delta"
		path={
			1348 1347 1345 1344 1343 
		}
		control={
			4251.000000 1028.000000 4221.000000 1046.000000 4202.000000 1077.000000 4103.000000 1174.000000 4101.000000 1230.000000 4088.000000 1277.000000 
		}
	}
	outgoing={
		name="cape_of_good_hope"
		path={
			1352 1624 1623 1647 1630 1626 1459 
		}
		control={
			4251.000000 1028.000000 4221.000000 1046.000000 4175.000000 1093.000000 3998.000000 1132.000000 3787.000000 965.000000 3543.000000 656.000000 3267.000000 477.000000 3085.000000 425.000000 
		}
	}
	members={
		593 594 595 596 597 598 599 617 618 619 620 621 622 623 638 639 640 659 1361 2390 2391 2392 2393 2394 2673 2674 2675 2676 2677 2678 2679 2680 2681 2682 2683 2684 2685 2686 2706 2707 2708 2709 2710 2711 2712 2740 3377 3376
		3031 3030 3029 3028 3027 3032 3025 3026 3034 3047 3035 3048 3049 3036 3039 3038 3041 3040 3042 3043 3046 3045 3044 3062 3061 3055 3050 3051 3052 3057 3053 3054 3056 3033
	}
	ai_will_propagate_through_trade=yes
}
ganges_delta={
	location=1343
	outgoing={
		name="comorin_cape"
		path={
			1342 1341 1340 
		}
		control={
			3964.000000 1280.000000 3891.000000 1173.000000 
		}
	}
	outgoing={
		name="doab"
		path={
			1343 564 563 2044 558 2095 556 2063 
		}
		control={
			4009.000000 1407.000000 3917.000000 1410.000000 3880.000000 1443.000000 
		}
	}
	members={
		1343 553 2082 4447 4451 4452 547 2048 4445 4446 4448 561 2081 4476 4477 564 2039 4474 4475 4478 552 2038 2043 2049 4441 560 2096 4450 4470 4471 562 2045 2046 4486 563 2044 4479 568 579 2402 586 590 1815 2403 4399 558 4469 4472 4489 2047 4487 4488
		3384 3394 3387 3389 3393 3385 3386 3390 3391 3413 3414 3453 3454 3446 3481 3440 3480 2042 3095 3096 3097 3099 3100 3101 3102 3103 3133
	}
}
doab={
	location=524
	color={
		236 162 19 
	}
	inland=yes
	outgoing={
		name="deccan"
		path={
			525 740 2057 
		}
		control={
			3854.290039 1383.119995 3829.000000 1342.000000 3855.000000 1314.000000 
		}
	}
	outgoing={
		name="lahore"
		path={
			522 2062 4411 
		}
		control={
			3850.000000 1484.000000 3818.000000 1502.000000 
		}
	}
	members={
		522 2060 2062 2061 4498 4499 519 520 2064 4500 523 2094 4494 4495 4497 555 2055 2095 4490 524 556 2063 4496 525 528 740 4464 4465 559 2059 4459 4466 4467 2097 2098 4468
		3395 3448 3417 3522 3415 3416 3484 3485 3486 3419 3487 3488 3418 3489 3420 3421 3422 3424 3131 3130
	}
}
lahore={
	location=507
	color={
		63 150 30 
	}
	inland=yes
	outgoing={
		name="samarkand"
		path={
			578 451 450 453 454 
		}
		control={
			3750.000000 1558.000000 3704.000000 1607.000000 3681.000000 1638.000000 
		}
	}
	outgoing={
		name="persia"
		path={
			578 451 450 446 2221 2235 2214 
		}
		control={
			3710.000000 1473.000000 3661.000000 1513.000000 3555.000000 1602.000000 3498.000000 1620.000000 
		}
	}
	outgoing={
		name="gujarat"
		path={
			506 2072 
		}
		control={
			3747.000000 1475.000000 3705.000000 1439.000000 3703.000000 1422.000000 3708.000000 1408.000000 3698.000000 1377.000000 3732.000000 1338.000000 3760.000000 1329.000000 
		}
	}
	members={
		1785 1787 2200 508 2073 2074 4449 4521 507 2075 2076 4510 4513 506 2079 2086 4508 4509 2077 2078 4511 576 577 2068 448 451 578 2226 447 449 2225 450 2227 2228
		3463 3464 3465 3462 3466 3467 3468 3432 3431 3433 3461 3429 3455 3457 3456 3458 3460 3459 3428 3132 3423 3425 3430 510 2065
	}
}
deccan={
	location=1948
	color={
		241 13 61 
	}
	inland=yes
	outgoing={
		name="gujarat"
		path={
			4433 517 1337 
		}
		control={
			3830.000000 1328.000000 
		}
	}
	outgoing={
		name="comorin_cape"
		path={
			541 4422 4414 2026 
		}
		control={
			3902.000000 1254.000000 3908.000000 1204.000000 3891.000000 1173.000000 3871.000000 1135.000000 
		}
	}
	members={
		526 2057 2093 4461 550 551 2092 4458 4460 532 2033 4428 2028 4438 4444 542 2037 4436 4439 527 4434 4453 569 1948 2035 4435 546 548 2050 4442 4443 1946 2034 4431 544 545 4432 4433 4437
		3443 3444 3449 2036 3442 3437 3441 3447
	}
}
comorin_cape={
	location=1340
	color={
		13 255 179 
	}
	outgoing={
		name="gulf_of_aden"
		path={
			1615 1451 1331 
		}
		control={
			3770.000000 1148.000000 3705.000000 1338.000000 3525.000000 1280.000000 
		}
	}
	outgoing={
		name="gujarat"
		path={
			1339 2030 
		}
		control={
			3814.000000 1145.000000 3786.000000 1211.000000 3763.760010 1288.170044 
		}
	}
	outgoing={
		name="cape_of_good_hope"
		path={
			1619 1621 1636 1626 1459 
		}
		control={
			3688.000000 925.000000 3394.000000 609.000000 3132.000000 449.000000 
		}
	}
	members={
		1340 2083 4418 4419 4420 539 540 1947 2027 4417 536 2101 4412 2100 4408 4409 572 2099 4407 574 1101 1248 1998 1999 538 2085 4414 2026 4415 4416 533 2031 4421 4422 4426 541 1949 2090 4423 4424 534 535 537 4410 4413 531 2029 2030 2032 4427 543 549 2084 2080 4425
		3407 3408 3401 3402 3400 3409 3406 3405 3404 3410 3411 3403 3482 3439 3483 3438 3445 3412 3399
	}
}
gujarat={
	location=517
	color={
		135 104 85 
	}
	outgoing={
		name="gulf_of_aden"
		path={
			1336 1333 1332 1331 
		}
		control={
			3702.000000 1264.000000 3615.000000 1221.000000 3518.000000 1223.000000 
		}
	}
	outgoing={
		name="hormuz"
		path={
			1336 1334 
		}
		control={
			3731.000000 1325.000000 3664.000000 1385.000000 3549.000000 1407.000000 
		}
	}
	outgoing={
		name="zanzibar"
		path={
			1336 1452 1451 1453 1447 
		}
		control={
			3604.000000 1149.000000 3468.000000 1096.000000 3368.000000 935.000000 
		}
	}
	members={
		518 2058 2087 4501 4462 512 4502 4507 2066 513 514 2067 4506 504 2088 4503 4504 505 2072 4505 529 530 2089 4429 515 521 2052 4454 4455 517 4430 503 2053 4456 4480 516 2051 2054 4512 4457
		3436 3470 3435 3477 3469 3478 2056 3479 3472 3475 3476 3471 3474 3473 3434 3452 3450 4411 4463
	}
}
katsina={
	location=1149
	color={
		215 56 56 
	}
	inland=yes
	outgoing={
		name="timbuktu"
		path={
			1148 2273 2269 1133 2262 1132 
		}
		control={
			2702.000000 1185.000000 2662.000000 1227.000000 2630.000000 1273.000000 2607.000000 1273.000000 
		}
	}
	outgoing={
		name="tunis"
		path={
			352 341 
		}
		control={
			2817.000000 1275.000000 2842.000000 1360.000000 2853.000000 1451.000000 2867.000000 1514.000000 2841.000000 1529.000000 2793.000000 1537.000000 2788.000000 1553.000000 2801.000000 1575.000000 
		}
	}
	outgoing={
		name="ethiopia"
		path={
			2800 2772 
		}
		control={
			2821.000000 1209.000000 2849.000000 1222.000000 2864.000000 1207.000000 2896.000000 1196.000000 3032.000000 1228.000000 3143.000000 1226.000000 
		}
	}
	members={
		1144 1146 1162 1145 1152 1153 1150 1154 1155 1156 1157 1158 1160 1161 1249 1149 1148 2273 2272 2274 2275 2276 2277 2278 2279 2280 2281 2282 2283 2284 2285 2286 2287 2288 2293 2475 1159 
	}
}
ethiopia={
	location=2772
	inland=yes
	outgoing={
		name="alexandria"
		path={
			1232 2321 361 358 
		}
		control={
			3220.000000 1233.000000 3254.000000 1290.000000 3198.000000 1428.000000 3166.000000 1447.000000 3142.000000 1485.000000 3142.000000 1499.000000 3125.000000 1514.000000 
		}
	}
	outgoing={
		name="gulf_of_aden"
		path={
			1213 1211 1212 4346 
		}
		control={
			3268.000000 1178.000000 3319.000000 1200.000000 3402.000000 1201.000000 
		}
	}
	members={
		774 1217 1218 1222 1228 2756 2757 2758 2759 2760 2761 2762 2763 2772 2791 2778 2785 2797 2766 2767 2769 2770 2771 2779 2780 2781 1224 1213 1223 1214 1216 1221 2800 2801 2802 1229 1225 1226 1227 1220 1207 1208 1210 2798 2799 1219 2776 2932 4033 4158 2777 4051 4052 
	}
}
gulf_of_aden={
	location=4346
	outgoing={
		name="zanzibar"
		path={
			1446 1447 1448 
		}
		control={
			3431.000000 1120.000000 3295.000000 966.000000 
		}
	}
	outgoing={
		name="alexandria"
		path={
			1330 1329 1328 361 358 
		}
		control={
			3319.000000 1200.000000 3198.000000 1428.000000 3166.000000 1447.000000 3147.000000 1480.000000 3142.000000 1499.000000 3125.000000 1514.000000 
		}
	}
	outgoing={
		name="hormuz"
		path={
			1332 1333 1334 
		}
		control={
			3593.000000 1285.000000 3565.000000 1389.000000 3530.000000 1402.000000 
		}
	}
	members={
		2324 2775 2782 2783 2786 2788 2789 2790 2793 2794 2795 2024 1205 1206 1209 1212 1215 1230 2765 2773 2792 2784 1211 2764 2787 1232 1779 2768 401 2341 2342 402 1099 4284 387 2346 4279 390 2344 4281 388 2345 4280 386 391 4282 389 2343 4283 4346 
	}
}
hormuz={
	location=1334
	outgoing={
		name="basra"
		path={
			2219 1335 
		}
		control={
			3462.000000 1424.000000 3425.000000 1437.000000 
		}
	}
	members={
		397 398 404 2333 432 2220 2234 4345 434 575 2231 2232 2233 430 2219 2223 4332 2218 4329 4330 4331 403 4285 4287 399 400 4286 431 2999 4327 1334 1335
		3490 3510 3511 3451
	}
}
zanzibar={
	location=1448
	color={
		130 17 17 
	}
	outgoing={
		name="cape_of_good_hope"
		path={
			1449 1456 1457 1458 1459 1460 
		}
		control={
			3304.000000 794.000000 3282.000000 737.000000 3205.000000 682.000000 3203.000000 622.000000 3170.000000 577.000000 3095.000000 476.000000 3019.000000 444.000000 
		}
	}
	members={
		1448 788 1100 1102 1103 1183 1186 1192 1193 1194 1195 1196 1197 1198 1199 1200 1201 1202 1203 1204 1792 2796 2774 4020 4021 4022 4023 4024 4025 4026 4027 4028 4029 4030 4031 4032 4049 
	}
}
cape_of_good_hope={
	location=1460
	outgoing={
		name="ivory_coast"
		path={
			1461 1462 1463 1464 1465 1466 
		}
		control={
			2861.000000 505.000000 2791.000000 713.000000 2793.000000 892.000000 2723.000000 1015.000000 
		}
	}
	members={
		1460 789 833 1175 1176 1177 1178 1179 1180 1181 1182 1173 1800 2856 2864 2880 
	}
}
basra={
	location=1335
	outgoing={
		name="aleppo"
		path={
			408 409 406 382 377 
		}
		control={
			3380.000000 1499.000000 3333.000000 1515.000000 3316.000000 1544.000000 3277.000000 1562.000000 3255.000000 1585.000000 3232.000000 1587.000000 
		}
	}
	outgoing={
		name="persia"
		path={
			412 413 428 426 
		}
		control={
			3392.000000 1494.000000 3393.000000 1504.000000 3400.000000 1515.000000 3393.000000 1518.000000 3388.000000 1528.000000 3388.000000 1534.000000 3378.000000 1540.000000 3371.000000 1547.000000 3380.000000 1550.000000 3378.000000 1559.000000 3391.000000 1558.000000 3404.000000 1564.000000 3404.000000 1571.000000 3410.000000 1575.000000 3417.000000 1588.000000 3420.000000 1604.000000 3442.000000 1594.000000 
		}
	}
	members={
		1335 412 2217 4289 4290 4342 394 395 396 2340 2347 393 2338 4272 392 2337 4273 4274 2335 2336 2339 4275 408 2311 2312 4288 406 409 410 2310 4291 413 414 2209 2210 415 2211 4293 4294 2334 4276
		3501 3496 3495 3512 3497 3506 3548 3547 3543 3545
	}
}
samarkand={
	location=454
	inland=yes
	outgoing={
		name="persia"
		path={
			442 441 438 437 427 426 
		}
		control={
			3584.000000 1611.000000 3498.000000 1620.000000 
		}
	}
	outgoing={
		name="astrakhan"
		path={
			442 440 443 470 465 464 
		}
		control={
			3605.000000 1673.000000 3555.000000 1725.000000 3467.000000 1783.000000 
		}
	}
	members={
		440 441 442 444 445 453 454 455 456 457 476 477 1967 1969 1970 1973 478 2370 2362 2363 2356 2355 2360 2361 2358 2352 2351 2353 2359 458 460 2350 437 438 439 443 2349 1968 4344 4343 2368 459 2364 452 2127
		3526 3527 3520 3518 3519 3517 3516 3515 3530 3529 3531 461 2120 2125 2126 3528 2118 4684 714 2119 4692 2357 479 2354 480
	}
}
persia={
	location=4341
	color={
		204 119 31 
	}
	inland=yes
	outgoing={
		name="aleppo"
		path={
			1326 421 2202 2205 418 407 377 
		}
		control={
			3419.000000 1618.000000 3388.000000 1653.000000 3355.000000 1638.000000 3312.000000 1660.000000 3238.000000 1648.000000 3247.000000 1620.000000 
		}
	}
	outgoing={
		name="astrakhan"
		path={
			1326 454 
		}
		control={
			3464.000000 1640.000000 3389.000000 1716.000000 3394.000000 1749.000000 
		}
	}
	members={
		435 2224 2229 2230 436 4334 4336 446 4324 4325 2221 2235 2236 4326 417 426 2214 4339 4341 427 428 2213 2216 4337 429 433 2222 4335 4171 419 420 2202 2205 4302 421 424 4299 4305 4340 416 2206 2207 4304 2212 2215 4300 4338 4177 4170 4172 4179
		3507 3509 3498 3499 3491 3492 3494 3493 3505 3532 3513 3514 3504 3500 3502 3503 3508
	}
}
aleppo={
	location=377
	color={
		202 150 172 
	}
	outgoing={
		name="constantinople"
		path={
			1317 1848 322 317 1320 
		}
		control={
			3203.000000 1609.000000 3191.000000 1640.000000 3131.000000 1644.000000 
		}
	}
	outgoing={
		name="alexandria"
		path={
			1316 1315 358 
		}
		control={
			3155.000000 1534.000000 
		}
	}
	members={
		418 2306 2307 4295 4296 377 1849 2313 4298 378 382 1855 4297 407 411 2309 2314 4292 332 2303 2308 4310 405 4271 321 327 2302 323 324 2301 4307 3540 3542 2305 331 3534 4303 2204
		3535 3539 3546 3541 3557 3544 3556 3550 3552 3553 3554 3555 3551 3549 3558 3559 3560 3569 3570 3564 3571 3580 3579
	}
}
astrakhan={
	location=464
	inland=yes
	outgoing={
		name="kazan"
		path={
			466 303 1081 1082 
		}
		control={
			3343.000000 1834.000000 3387.000000 1884.000000 3404.000000 1910.000000 
		}
	}
	outgoing={
		name="crimea"
		path={
			468 287 1323 
		}
		control={
			3324.000000 1813.000000 3291.000000 1796.000000 3245.000000 1785.000000 3205.000000 1773.000000 3210.479980 1755.599976 3196.000000 1742.000000 3169.000000 1728.000000 
		}
	}
	members={
		303 465 467 469 470 474 1971 2365 2367 2366 2418 472 471 464 466 468 2416 2417 2415 425 2198 2199 2208 4306 3641 3656 3657 3640 3643 3644 3642 3637 3645 3646 3639
	}
}
crimea={
	location=1322
	color={
		59 158 125 
	}
	outgoing={
		name="kiev"
		path={
			284 282 281 280 
		}
		control={
			3129.000000 1772.000000 3136.000000 1779.000000 3135.000000 1788.000000 3128.000000 1795.000000 3123.000000 1807.000000 3136.000000 1826.000000 3129.000000 1835.000000 3120.000000 1841.000000 3113.000000 1849.000000 
		}
	}
	outgoing={
		name="constantinople"
		path={
			1322 1321 1320 
		}
		control={
			3110.000000 1709.000000 
		}
	}
	outgoing={
		name="pest"
		path={
			1756 2998 4531 160 4532 156 1954 4173 4126 153 
		}
		control={
			3146.000000 1741.000000 3119.000000 1755.000000 3077.000000 1755.000000 3073.000000 1736.000000 3050.000000 1733.000000 3037.889893 1726.109985 3022.000000 1731.000000 3017.000000 1742.000000 3015.000000 1759.000000 2999.000000 1764.000000 2988.000000 1764.000000 2980.000000 1767.000000 2968.000000 1769.000000 2957.000000 1770.000000 2935.000000 1780.000000 
		}
	}
	members={
		1322 462 1856 463 2201 2195 2197 282 1974 2406 286 287 2413 2414 284 285 2410 2447 283 2411 2412 330 422 268 1756 2405 423 2203 4301 2196 4529 4530 4541
		3538 3537 3533 3536 3577 3578 3576 3651 3649 3650 2409 288 3183 3653 3655 3139
	}
}
kiev={
	location=280
	color={
		253 179 42 
	}
	inland=yes
	outgoing={
		name="novgorod"
		path={
			278 292 275 311 310 
		}
		control={
			3114.000000 1866.000000 3117.000000 1880.000000 3108.000000 1897.000000 3112.000000 1905.000000 3111.000000 1911.000000 3113.000000 1919.000000 3112.000000 1926.000000 3118.000000 1934.000000 3122.000000 1947.000000 3134.000000 1954.000000 3137.000000 1962.000000 3141.000000 1974.000000 3128.000000 1982.000000 3132.000000 1996.000000 3132.000000 1996.000000 3126.000000 2010.000000 
		}
	}
	outgoing={
		name="krakow"
		path={
			279 260 262 
		}
		control={
			3075.000000 1819.000000 3048.000000 1814.000000 3029.000000 1821.000000 3016.000000 1827.000000 3010.000000 1838.000000 2995.000000 1839.000000 2982.000000 1850.000000 2962.000000 1846.000000 
		}
	}
	members={
		272 279 281 770 1937 1943 2962 277 278 1941 291 298 299 2408 293 297 4244 4245 296 300 4116 280 1942 1944 4247 289 290 1945 2407 292 771 4246 276 4115 4242 4538 4537 4536 4535 4545 4544 4540 4539 4542 4543 269 275 3647 3654 3184 3661 3185 3648 3182 3659 3181 3634 3189 3172 3187 3171 3635 3658 3636 302 3180 3179 3170 301 4255
	}
}
kazan={
	location=1082
	inland=yes
	outgoing={
		name="novgorod"
		path={
			306 307 308 312 310 
		}
		control={
			3364.000000 1966.000000 3322.000000 1966.000000 3287.000000 1988.000000 3226.000000 1983.000000 3165.000000 1967.000000 3135.000000 2005.000000 
		}
	}
	members={
		1079 2421 4265 4267 475 1965 1966 2420 2444 473 1081 2423 1082 2422 4264 305 1962 1972 4266 3163 3161 3162 1780 4129 1964 3159 3160 3156 3151 2441 3155 2419 304 3638 1077 1963 3157 3158 3150
	}
}
novgorod={
	location=33
	color={
		97 126 37 
	}
	outgoing={
		name="baltic_sea"
		path={
			34 36 1926 
		}
		control={
			3004.000000 2033.000000 
		}
	}
	members={
		30 32 309 4124 33 34 1961 274 1960 4148 310 311 1959 2749 4260 294 1752 4243 4248 4249 1778 295 4251 4252 307 4147 4253 308 1753 4117 4250 1754 1956 4254 3169 3168 3167 3652 3175 3173 3174 3176 3177 3178 1957 1083 3188 306 3164 3165 3166
	}
}
cuiaba={
	location=800
	outgoing={
		name="laplata"
		path={
			800 1536 
		}
		control={
			1736.000000 723.000000 1741.000000 699.000000 1760.000000 676.000000 1797.000000 656.000000 1788.000000 621.000000 1781.000000 586.000000 1767.000000 571.000000 1754.000000 543.000000 1729.000000 506.000000 1723.000000 455.000000 1755.920044 434.380005 
		}
	}
	outgoing={
		name="lima"
		path={
			800 809 
		}
		control={
			1670.000000 794.000000 1620.000000 819.000000 1613.000000 841.000000 1577.000000 823.000000 1550.000000 808.000000 1516.000000 823.000000 1482.000000 822.000000 1473.000000 806.000000 
		}
	}
	members={
		800 2902 2901 801 2835 2834 2838 794 2942 797 2941 2940 2946 795 793 2900 796 2840 2839 2837 792 791 2841 2836 802 804 2831 2947 803 2832 2833 775 776 799 2842 2882 2883 2888 2903 2904 2905 
	}
}
laplata={
	location=1536
	outgoing={
		name="brazil"
		path={
			1535 1534 1533 1532 1531 
		}
		control={
			1925.000000 552.000000 2052.840088 741.979980 
		}
	}
	members={
		772 773 777 778 779 790 1536 1095 2025 2843 2844 2845 2846 2847 2848 2849 2850 2851 2852 2853 2854 2855 2857 2858 2859 2860 2861 2865 2866 2877 2878 2879 2884 2887 
	}
}
lima={
	location=809
	outgoing={
		name="panama"
		path={
			1545 1546 1547 1548 835 
		}
		control={
			1354.000000 913.000000 1397.000000 1091.000000 
		}
	}
	members={
		812 2002 2821 2822 2826 816 817 819 820 2820 815 818 821 2823 2944 2945 813 2824 2825 2943 809 810 811 814 2827 807 808 2829 2830 805 806 2828 
	}
}
brazil={
	location=1531
	outgoing={
		name="ivory_coast"
		path={
			1596 1597 1586 1585 1466 
		}
		control={
			2272.000000 1026.000000 2483.090088 1023.419983 
		}
	}
	members={
		1531 750 751 753 754 755 756 757 758 759 760 761 762 763 764 765 766 768 769 2881 2885 2891 2892 2893 2894 2895 2896 2897 2898 2899 2906 2907 2908 2912 2913 2914 2915 2916 2917 2918 2919 2920 2921 2922 
	}
}
timbuktu={
	location=1132
	inland=yes
	outgoing={
		name="safi"
		path={
			1127 346 344 345 
		}
		control={
			2567.000000 1402.000000 2534.000000 1479.000000 
		}
	}
	outgoing={
		name="ivory_coast"
		path={
			2263 1135 2252 2255 2257 1466 
		}
		control={
			2617.000000 1210.000000 2623.000000 1161.000000 2591.000000 1087.000000 
		}
	}
	members={
		1115 2237 2240 1122 1125 2251 1135 1137 2265 2266 1136 2256 2267 2252 2253 2254 2255 1138 2247 1120 1121 1124 1123 1131 1132 1134 1133 1142 2243 2244 2245 2246 2248 2249 2250 2259 2260 2261 2262 2263 2264 2268 2269 2270 1127 1128 1129 1130 2271 1140 1143 2291 2292 2295 
	}
}
ivory_coast={
	location=1466
	outgoing={
		name="carribean_trade"
		path={
			1467 1468 1579 1577 1576 1522 1520 1519 1517 1516 
		}
		control={
			2336.719971 1073.959961 2272.000000 1253.000000 1948.000000 1317.000000 1724.000000 1230.000000 1656.000000 1252.000000 
		}
	}
	outgoing={
		name="bordeaux"
		path={
			1467 1468 1470 1471 1566 1563 
		}
		control={
			2451.000000 1075.000000 2343.000000 1180.000000 2342.000000 1417.000000 2377.000000 1487.000000 2468.000000 1710.000000 2587.000000 1733.000000 
		}
	}
	outgoing={
		name="english_channel"
		path={
			1467 1468 1470 1471 1566 1563 
		}
		control={
			2365.000000 1090.000000 2296.000000 1328.000000 2334.000000 1504.000000 2467.000000 1742.000000 2566.000000 1827.000000 2651.000000 1853.000000 
		}
	}
	outgoing={
		name="sevilla"
		path={
			1467 1468 1470 1471 1566 1563 
		}
		control={
			2501.000000 1073.000000 2381.000000 1170.000000 2357.000000 1233.000000 2361.000000 1338.000000 2404.000000 1457.000000 2492.000000 1562.000000 
		}
	}
	members={
		1164 1165 1166 1096 1793 2241 1466 1097 1098 1118 1119 1151 1163 2242 1168 1306 4078 4079 4080 1126 1139 1141 2257 2258 1147 2289 2290 2294 1111 1112 1113 1116 2239 1114 1117 2238 1167 1171 1172 1174 
	}
}
safi={
	location=1110
	color={
		191 110 62 
	}
	outgoing={
		name="sevilla"
		path={
			342 1293 
		}
		control={
			2468.000000 1509.000000 2492.000000 1562.000000 
		}
	}
	outgoing={
		name="tunis"
		path={
			1110 2470 344 2468 2467 343 2465 336 337 2461 338 339 1882 2455 341 
		}
		control={
			2501.000000 1513.000000 2586.000000 1556.000000 2619.000000 1565.000000 2631.000000 1582.000000 2678.000000 1597.000000 2746.000000 1599.000000 
		}
	}
	outgoing={
		name="valencia"
		path={
			1110 2470 344 2468 2467 343 2465 336 337 1294 1295 
		}
		control={
			2501.000000 1513.000000 2565.000000 1551.000000 2583.000000 1571.000000 2622.820068 1591.780029 
		}
	}
	members={
		344 345 346 347 348 1110 2460 2464 2466 2467 2468 2469 2470 342 343 349 2459 2462 2463 336 337 338 2461 2465 4564 4562 4568 
	}
}
tunis={
	location=341
	color={
		146 134 57 
	}
	outgoing={
		name="sevilla"
		path={
			340 339 1301 1294 1293 
		}
		control={
			2778.000000 1619.000000 2665.000000 1614.000000 2610.000000 1591.000000 
		}
	}
	outgoing={
		name="genua"
		path={
			1302 1300 1297 
		}
		control={
			2799.000000 1669.000000 
		}
	}
	outgoing={
		name="valencia"
		path={
			1302 1301 1293 
		}
		control={
			2790.000000 1631.000000 2730.000000 1638.000000 
		}
	}
	outgoing={
		name="alexandria"
		path={
			341 2473 2453 353 2452 354 2451 355 356 357 2326 2325 358 
		}
		control={
			2886.000000 1530.000000 2985.000000 1525.000000 3064.000000 1500.000000 
		}
	}
	members={
		355 339 340 341 350 351 352 353 354 1882 2448 2449 2450 2451 2452 2453 2454 2455 2456 2457 2458 2472 2473 2474 2954 4566 4567 
	}
}
alexandria={
	location=358
	color={
		200 200 102 
	}
	outgoing={
		name="constantinople"
		path={
			362 363 1316 1932 318 317 1320 
		}
		control={
			3027.000000 1641.000000 3036.000000 1652.000000 3046.000000 1658.000000 3058.000000 1667.000000 3068.000000 1669.000000 3083.000000 1667.000000 
		}
	}
	outgoing={
		name="venice"
		path={
			1315 1318 145 1773 144 143 1310 1309 1308 
		}
		control={
			2976.000000 1562.000000 2931.000000 1663.000000 
		}
	}
	outgoing={
		name="genua"
		path={
			357 1314 1313 1306 1302 1303 1298 1297 
		}
		control={
			2906.000000 1569.000000 2834.000000 1598.000000 2810.000000 1666.000000 
		}
	}
	members={
		1234 2322 2323 364 379 1854 384 2329 2330 383 2328 4268 4269 385 2331 2332 4277 4278 380 381 2327 365 2315 2320 2321 1233 2318 4323 358 362 363 361 2316 4316 4317 359 2317 4318 360 1231 2319 4319 4320 356 357 2325 2326 4321 4322
		3561 3037 3581 4270
	}
}
constantinople={
	location=1320
	color={
		226 7 83 
	}
	outgoing={
		name="ragusa"
		path={
			149 1765 1766 138 137 
		}
		control={
			3068.000000 1669.000000 3046.000000 1658.000000 2996.000000 1583.000000 2968.000000 1599.000000 2939.000000 1652.000000 
		}
	}
	members={
		1320 149 151 1764 325 328 2299 2304 150 159 1765 2746 2750 329 1846 2300 4314 4315 316 317 2296 322 1848 4308 4311 318 319 2297 2298 4309 326 4312 4313 164 320 2348 3003 146 147 148 1853 3001
		3572 3573 3566 3568 3565 3567 3563 3574 3575 3562
	}
}
ragusa={
	location=137
	color={
		32 149 232 
	}
	outgoing={
		name="pest"
		path={
			1831 3002 4239 4173 4126 153 
		}
		control={
			2894.000000 1726.000000 2880.000000 1754.000000 2903.000000 1784.000000 
		}
	}
	outgoing={
		name="venice"
		path={
			136 1308 
		}
		control={
			2898.000000 1703.000000 
		}
	}
	outgoing={
		name="genua"
		path={
			1310 1311 1307 1304 1303 1298 1297 
		}
		control={
			2925.000000 1618.000000 2834.000000 1598.000000 2810.000000 1666.000000 
		}
	}
	members={
		137 138 139 140 141 142 143 144 1766 1827 1831 3000 3002 4174 4175 4176 131 1828 136 1826 4239 145 163 1773 
	}
}
pest={
	location=153
	color={
		142 148 235 
	}
	inland=yes
	outgoing={
		name="wien"
		path={
			1772 134 
		}
		control={
			2919.000000 1797.000000 2910.000000 1800.000000 2905.000000 1804.000000 
		}
	}
	outgoing={
		name="krakow"
		path={
			1318 2960 262 
		}
		control={
			2939.000000 1824.000000 
		}
	}
	members={
		135 152 153 155 156 157 158 160 161 1767 1864 1951 1953 1954 2998 4125 4126 4127 4128 4173 4240 4531 4532 1952 162 
	}
}
krakow={
	location=262
	inland=yes
	outgoing={
		name="wien"
		path={
			154 1772 134 
		}
		control={
			2935.000000 1825.000000 2918.000000 1818.000000 2910.000000 1808.000000 
		}
	}
	outgoing={
		name="saxony"
		path={
			263 264 1763 
		}
		control={
			2939.000000 1859.000000 2930.000000 1862.000000 2922.000000 1883.000000 2903.000000 1881.000000 2898.000000 1893.000000 2879.000000 1892.000000 2875.000000 1894.000000 2864.000000 1889.000000 2865.000000 1879.000000 
		}
	}
	outgoing={
		name="baltic_sea"
		path={
			258 255 1859 43 1927 1926 
		}
		control={
			2964.000000 1847.000000 2976.000000 1855.000000 2976.000000 1863.000000 2977.000000 1869.000000 2968.000000 1877.000000 2964.000000 1884.000000 2959.000000 1887.000000 2950.000000 1886.000000 2934.000000 1893.000000 2926.000000 1898.000000 2919.000000 1902.000000 2928.000000 1910.000000 2931.000000 1919.000000 2936.000000 1958.000000 
		}
	}
	members={
		258 259 260 261 262 263 264 1940 256 257 1938 1939 254 255 2424 2959 2960 2961 2966 4238 2963 1859 4523 4524 4526 4528 4525 4527 4533 154 1318 1772 4236 3660 3662
	}
}
wien={
	location=134
	color={
		220 220 220 
	}
	inland=yes
	outgoing={
		name="venice"
		path={
			132 128 1769 1308 
		}
		control={
			2863.000000 1801.000000 2846.000000 1761.000000 
		}
	}
	outgoing={
		name="rheinland"
		path={
			133 64 1757 67 66 79 1876 
		}
		control={
			2852.000000 1812.000000 2830.000000 1822.000000 2804.000000 1841.000000 2780.000000 1837.000000 
		}
	}
	outgoing={
		name="saxony"
		path={
			1770 267 266 1771 61 59 
		}
		control={
			2862.000000 1826.000000 2861.000000 1841.000000 2858.000000 1857.000000 2847.000000 1864.000000 
		}
	}
	members={
		64 65 76 128 132 133 134 1757 1770 1863 2955 2956 2957 68 69 1868 70 71 1872 73 110 1768 
	}
}
saxony={
	location=59
	color={
		36 182 69 
	}
	inland=yes
	outgoing={
		name="rheinland"
		path={
			62 63 79 81 1876 
		}
		control={
			2821.000000 1879.000000 2808.000000 1864.000000 2788.000000 1860.000000 
		}
	}
	outgoing={
		name="lubeck"
		path={
			58 52 51 46 45 
		}
		control={
			2843.000000 1890.000000 2851.000000 1889.000000 2858.000000 1897.000000 2862.000000 1905.000000 2867.000000 1912.000000 2867.000000 1934.000000 2844.000000 1935.000000 
		}
	}
	members={
		49 50 57 62 63 1758 51 60 61 267 1759 1763 1771 52 58 59 2964 2965 2967 2971 2969 265 266 2968 2970 4237 
	}
}
baltic_sea={
	location=1926
	color={
		8 82 165 
	}
	outgoing={
		name="lubeck"
		path={
			1255 1257 45 
		}
		control={
			2910.000000 1950.000000 2868.000000 1948.000000 2821.000000 1928.000000 
		}
	}
	members={
		1926 1 2 3 4 5 1985 8 9 11 18 19 25 27 28 29 31 35 37 38 39 40 271 273 1930 1935 1936 41 42 43 1841 767 2958 2997 4113 4114 4123 4152 4166 270 36 1834 1842 4241 4534 
	}
}
rheinland={
	location=1876
	color={
		114 171 184 
	}
	inland=yes
	outgoing={
		name="champagne"
		path={
			83 1760 80 188 187 186 
		}
		control={
			2760.000000 1841.000000 2736.000000 1834.000000 2725.000000 1817.000000 
		}
	}
	outgoing={
		name="lubeck"
		path={
			1762 57 53 1857 45 
		}
		control={
			2788.000000 1860.000000 2783.000000 1880.000000 2778.000000 1892.000000 2794.000000 1909.000000 
		}
	}
	members={
		56 72 74 75 77 78 79 80 81 82 83 84 85 86 1760 1761 1869 1870 1876 1878 1880 2973 2975 166 1873 2972 1762 66 67 
	}
}
panama={
	location=835
	color={
		253 195 26 
	}
	outgoing={
		name="carribean_trade"
		path={
			1515 1517 1516 
		}
		control={
			1390.000000 1254.000000 1438.000000 1263.000000 
		}
	}
	members={
		840 2637 2640 2662 837 838 2660 2661 2663 826 835 836 2664 2819 828 2806 824 825 827 832 2817 2812 2814 2815 822 823 2816 2818 4605 4604 4607 4608 4603 4600 4601 4602 4599 4596 4595 4597 4592 4593 829 
	}
}
carribean_trade={
	location=1516
	color={
		154 79 108 
	}
	outgoing={
		name="chesapeake_bay"
		path={
			1524 1503 1502 1501 1500 
		}
		control={
			1483.000000 1357.000000 1488.000000 1406.000000 1431.000000 1507.000000 
		}
	}
	outgoing={
		name="bordeaux"
		path={
			488 490 1526 1575 1583 1580 1567 1563 
		}
		control={
			1656.000000 1252.000000 1771.000000 1311.000000 2059.000000 1632.000000 2392.000000 1737.000000 2510.000000 1773.000000 
		}
	}
	outgoing={
		name="sevilla"
		path={
			488 490 1526 1575 1583 1580 1567 1563 
		}
		control={
			1656.000000 1252.000000 1858.000000 1312.000000 2141.000000 1496.000000 2360.000000 1558.000000 
		}
	}
	outgoing={
		name="english_channel"
		path={
			1574 1572 1582 1568 1564 1563 1289 1274 1272 1271 1269 
		}
		control={
			1569.000000 1368.000000 1806.000000 1426.000000 2028.000000 1673.000000 2391.000000 1760.000000 2566.000000 1827.000000 2651.000000 1853.000000 
		}
	}
	members={
		927 928 2534 926 2535 2536 484 485 2656 486 2654 2655 488 489 490 2658 2659 487 481 491 492 482 483 493 494 495 496 1881 497 498 499 500 501 830 2807 2813 741 831 2808 834 2805 2809 2810 2939 1516 4626 4625 4624 4622 4623 4619 4618 4620 4621 4616 4615 4612 4613 4609 4611 4614 4610 
	}
}
chesapeake_bay={
	location=1500
	color={
		193 26 14 
	}
	outgoing={
		name="st_lawrence"
		path={
			965 963 969 2012 986 1490 
		}
		control={
			1666.000000 1718.000000 1714.000000 1777.000000 
		}
	}
	outgoing={
		name="english_channel"
		path={
			1570 1572 1582 1568 1564 1563 
		}
		control={
			1812.000000 1679.000000 2144.000000 1807.000000 2377.000000 1840.000000 2559.000000 1837.000000 2651.000000 1853.000000 
		}
	}
	members={
		1500 930 931 2537 2538 929 2539 2540 932 933 2541 2542 2543 937 2544 2545 938 2546 2547 935 936 2548 949 2011 2552 950 952 2549 2550 953 2553 2554 955 956 957 962 2023 963 965 2558 2639 967 2010 2560 966 968 2561 970 2562 2564 
	}
}
james_bay={
	location=1486
	color={
		97 220 117 
	}
	outgoing={
		name="st_lawrence"
		path={
			1000 1002 992 993 990 994 1490 
		}
		control={
			1376.000000 1911.000000 1401.000000 1876.000000 1402.000000 1843.000000 1415.000000 1823.000000 1417.000000 1807.000000 1435.000000 1807.000000 1436.000000 1793.000000 1426.000000 1769.000000 1435.000000 1765.000000 1439.000000 1760.000000 1452.000000 1758.000000 1466.000000 1761.000000 1486.000000 1758.000000 1494.000000 1769.000000 1531.000000 1788.000000 1567.000000 1820.000000 1630.000000 1831.000000 
		}
	}
	members={
		1486 998 999 1000 1003 1004 1005 1006 1008 1009 1010 1011 1804 1805 1806 1807 1811 1813 2004 2005 2016 2017 2018 2589 2590 2591 2592 2593 2594 2595 2596 2597 2598 2599 2600 2601 2602 2603 2511 1812 2588 1002 2006 2501 2502 2503 2510 
	}
}
st_lawrence={
	location=1490
	color={
		193 192 14 
	}
	outgoing={
		name="north_sea"
		path={
			1493 1496 1497 1498 1478 1476 1282 1975 
		}
		control={
			1878.000000 1710.000000 2148.000000 1829.000000 2556.000000 2039.000000 2614.000000 1997.000000 
		}
	}
	outgoing={
		name="bordeaux"
		path={
			1491 1494 1495 1565 1564 1479 1563 
		}
		control={
			1922.000000 1684.000000 2153.000000 1793.000000 2441.000000 1798.000000 
		}
	}
	members={
		996 2576 2577 2578 986 994 995 2582 2583 990 993 2584 2012 971 2013 2565 2566 2567 985 2570 2571 2572 980 981 2573 997 2574 2575 992 2579 2580 2581 969 2559 2563 982 983 984 2568 2569 1104 1105 1490 
	}
}
north_sea={
	location=1975
	color={
		117 165 188 
	}
	outgoing={
		name="english_channel"
		path={
			1270 236 
		}
		control={
			2679.000000 1938.000000 
		}
	}
	outgoing={
		name="lubeck"
		path={
			1266 1267 1259 1258 45 
		}
		control={
			2746.000000 1956.000000 2764.000000 1921.000000 2787.000000 1917.000000 2794.000000 1909.000000 
		}
	}
	members={
		1975 1266 1280 1281 1282 1929 4153 4146 248 249 251 246 247 4361 4362 253 4364 4365 250 252 369 4110 4363 375 376 4119 373 374 4120 4379 372 4121 4380 4118 4377 4378 10 20 21 1978 1979 370 371 23 24 2752 4145 
	}
}
lubeck={
	location=45
	color={
		190 70 70 
	}
	outgoing={
		name="english_channel"
		path={
			1857 44 1268 1269 1744 
		}
		control={
			2821.000000 1928.000000 2834.000000 1938.000000 2832.000000 1962.000000 2790.000000 2009.000000 2736.000000 1940.000000 
		}
	}
	members={
		6 12 13 14 15 16 17 22 26 44 45 46 47 48 53 54 55 1775 1857 1874 1858 1981 1982 1983 1984 7 2993 2994 2995 2996 4141 4142 4143 4144 4149 4163 4164 4165 
	}
}
bordeaux={
	location=1276
	color={
		36 132 247 
	}
	outgoing={
		name="champagne"
		path={
			1275 172 178 184 185 
		}
		control={
			2637.000000 1789.000000 2673.000000 1800.000000 2684.000000 1810.000000 
		}
	}
	outgoing={
		name="valencia"
		path={
			174 175 196 2753 197 212 213 1295 
		}
		control={
			2624.000000 1750.000000 2629.000000 1741.000000 2637.000000 1738.000000 2644.000000 1732.000000 2654.000000 1727.000000 2661.000000 1718.000000 2680.000000 1714.000000 2683.000000 1693.000000 2669.000000 1683.000000 
		}
	}
	members={
		1276 190 195 199 169 170 171 172 4384 194 198 4112 180 4111 4386 4387 173 209 210 174 175 176 2989 
	}
}
sevilla={
	location=1293
	color={
		57 160 101 
	}
	outgoing={
		name="valencia"
		path={
			1293 1294 1295 
		}
		control={
			2610.000000 1591.000000 
		}
	}
	members={
		206 207 208 1746 215 216 231 232 1293 217 218 219 221 222 223 224 225 226 227 228 229 230 334 335 367 1745 1747 1748 1749 1751 1851 2754 2755 2751 4150 4546 4547 4548 4551 4552 4553 4554 4555 4556 4558 4561 4563 368 366 4565 
	}
}
champagne={
	location=186
	color={
		193 26 14 
	}
	inland=yes
	outgoing={
		name="genua"
		path={
			187 193 203 204 201 1297 
		}
		control={
			2719.000000 1789.000000 2711.000000 1759.000000 2713.000000 1747.000000 2710.000000 1729.000000 2704.000000 1716.000000 
		}
	}
	outgoing={
		name="english_channel"
		path={
			181 1866 92 1744 1269 
		}
		control={
			2669.000000 1821.000000 2667.000000 1857.000000 
		}
	}
	members={
		182 183 185 4388 177 178 179 184 4389 181 186 4390 187 188 189 165 1867 1871 91 92 93 94 1866 1742 2974 191 192 193 1877 4392 203 204 205 1743 
	}
}
valencia={
	location=1295
	color={
		101 160 57 
	}
	outgoing={
		name="genua"
		path={
			1296 
		}
		control={
			2670.000000 1673.000000 2707.000000 1694.000000 
		}
	}
	members={
		196 197 200 211 212 213 214 220 333 1295 1750 2753 2987 2988 2990 4391 4549 4550 4557 4559 4560 
	}
}
genua={
	location=1298
	color={
		218 215 56 
	}
	members={
		1297 124 125 126 2982 115 116 117 2978 2980 118 121 2983 123 1934 2984 101 102 2992 103 1875 2979 2981 127 1247 2986 201 202 2991 
	}
	end=yes
}
venice={
	location=1308
	color={
		54 167 156 
	}
	members={
		1308 129 130 1769 108 111 112 1774 105 106 113 114 119 120 2976 2977 122 1933 2985 104 107 109 1862 
	}
	end=yes
}
english_channel={
	location=1269
	color={
		220 138 57 
	}
	members={
		1269 167 168 1879 4385 87 88 89 241 242 4366 4369 245 4367 4368 239 240 244 4372 4375 243 1860 1861 4370 4376 233 234 4130 4373 4374 235 236 237 238 4371 95 98 99 1742 2974 96 97 4383 100 1931 4381 4382 90 1744 1865 
	}
	end=yes
}
